0.1 0.027475695916214349 800000
0.1 0.0071888643637529042 800001
0.1 0.024880039500992861 800002
0.1 0.022179380401692449 800003
0.1 0.018481061781583832 800004
0.1 0.031422421025248774 800005
0.1 0.031050931104641924 800006
0.1 0.036754662643230011 800007
0.1 0.037004533256550738 800008
0.1 0.040572612338713177 800009
0.1 0.028597579577794546 800010
0.1 0.038212588677436252 800011
0.1 0.021006330297374618 800012
0.1 0.011882830191161776 800013
0.1 0.048283472722244196 800014
0.1 0.03064076817559323 800015
0.1 0.038839852779634212 800016
0.1 0.010926811370208985 800017
0.1 0.0043775213493930732 800018
0.1 0.021548615346052544 800019
0.1 0.037650875661191262 800020
0.1 0.037296714318995297 800021
0.1 0.0047681622209133313 800022
0.1 0.0107195281014454 800023
0.1 0.030247110868365863 800024
0.1 0.064710810949811237 800025
0.1 0.046318104235460629 800026
0.1 0.019813256513409688 800027
0.1 0.017214323479471643 800028
0.1 0.018222563128881705 800029
0.1 0.020442349231258775 800030
0.1 0.02972990121258464 800031
0.1 0.022512361555551745 800032
0.1 0.038669413750117503 800033
0.1 0.052239017562856885 800034
0.1 0.011661638436310523 800035
0.1 0.01817512215398354 800036
0.1 0.037913060680837891 800037
0.1 0.056942075902127312 800038
0.1 0.038989050984796596 800039
0.1 0.018575266376473099 800040
0.1 0.031066074473484192 800041
0.1 0.045132957732641858 800042
0.1 0.053745497606374135 800043
0.1 0.023536479231852633 800044
0.1 0.047646053624523593 800045
0.1 0.028076168850501761 800046
0.1 0.039319539664985359 800047
0.1 0.02716885996140786 800048
0.1 0.0069811872104669449 800049
0.1 0.040880899949908456 800050
0.1 0.024077764350080862 800051
0.1 0.050239606987024059 800052
0.1 0.033687556976902275 800053
0.1 0.015113150755882961 800054
0.1 0.03312692104566526 800055
0.1 0.049232846339766531 800056
0.1 0.051024926399287206 800057
0.1 0.034875095091856788 800058
0.1 0.032022070475851247 800059
0.1 0.0073258685575655442 800060
0.1 0.024589612471953952 800061
0.1 0.021271358594018578 800062
0.1 0.014209109101687675 800063
0.1 0.032509776075484081 800064
0.1 0.071514241914041668 800065
0.1 0.048081690085164219 800066
0.1 0.025172463736184678 800067
0.1 0.012601116878795331 800068
0.1 0.0072658907495270399 800069
0.1 0.017064350700214923 800070
0.1 0.038734023897107617 800071
0.1 0.066081029184902135 800072
0.1 0.066407643830413032 800073
0.1 0.053437180176388425 800074
0.1 0.078149546004184001 800075
0.1 0.033932453385682321 800076
0.1 0.065210370804666046 800077
0.1 0.038370184514509416 800078
0.1 0.018337722616014573 800079
0.1 0.020950717346223117 800080
0.1 0.023835493774954256 800081
0.1 0.082111416840788529 800082
0.1 0.011870327286193433 800083
0.1 0.046367843151361367 800084
0.1 0.026421776330960406 800085
0.1 0.037378678510832368 800086
0.1 0.018883513603219673 800087
0.1 0.063175433536389949 800088
0.1 0.052254320151851635 800089
0.1 0.052123989971138318 800090
0.1 0.042844051944261857 800091
0.1 0.0095900497308715991 800092
0.1 0.031964499539893859 800093
0.1 0.015539844599518977 800094
0.1 0.025337191904507336 800095
0.1 0.023100696678288769 800096
0.1 0.035397126370118971 800097
0.1 0.031835089213344228 800098
0.1 0.011869541038301156 800099
